# 5-smooth numbers `n = (2**a) (3**b) (5**c)`
1
2
3
4
5
6
8
9
10
12
15
16
18
20
24
25
27
30
32
36
40
45
48
50
54
60
64
72
75
80
81
90
96
100
108
120
125
128
135
144
150
160
162
180
192
200
216
225
240
243
250
256
270
288
300
320
324
360
375
384
400
405
432
450
480
486
500
512
540
576
600
625
640
648
675
720
729
750
768
800
810
864
900
960
972
1000
1024
1080
1125
1152
1200
1215
1250
1280
1296
1350
1440
1458
1500
1536
1600
1620
1728
1800
1875
1920
1944
2000
2025
2160
2187
2250
2304
2400
2430
2500
2560
2592
2700
2880
2916
3000
3072
3125
3200
3240
3375
3456
3600
3645
3750
3840
3888
4000
4050
4320
4374
4500
4608
4800
4860
5000
5120
5184
5400
5625
5760
5832
6000
6075
6250
6400
6480
6561
6750
6912
7200
7290
7500
7680
7776
8000
8100
8640
8748
9000
9216
9375
9600
9720
10000
10125
10368
10800
10935
11250
11520
11664
12000
12150
12500
12800
12960
13122
13500
13824
14400
14580
15000
15360
15552
15625
16000
16200
16875
17280
17496
18000
18225
18750
19200
19440
19683
20000
20250
20736
21600
21870
22500
23040
23328
24000
24300
25000
25600
25920
26244
27000
27648
28125
28800
29160
30000
30375
31104
31250
32000
32400
32805
33750
34560
34992
36000
36450
37500
38400
38880
39366
40000
40500
41472
43200
43740
45000
46080
46656
46875
48000
48600
50000
50625
51840
52488
54000
54675
56250
57600
58320
59049
60000
60750
62208
62500
64000
64800
65610
67500
69120
69984
72000
72900
75000
76800
77760
78125
78732
80000
81000
82944
84375
86400
87480
90000
91125
93312
93750
96000
97200
98415
100000
101250
103680
104976
108000
109350
112500
115200
116640
118098
120000
121500
124416
125000
128000
129600
131220
135000
138240
139968
140625
144000
145800
150000
151875
155520
156250
157464
160000
162000
164025
168750
172800
174960
180000
182250
186624
187500
192000
194400
196830
200000
202500
207360
209952
216000
218700
225000
230400
233280
234375
236196
240000
243000
248832
250000
253125
259200
262440
270000
273375
279936
281250
288000
291600
295245
300000
303750
311040
312500
314928
320000
324000
328050
337500
345600
349920
360000
364500
373248
375000
384000
388800
390625
393660
400000
405000
414720
419904
421875
432000
437400
450000
455625
466560
468750
472392
480000
486000
492075
500000
506250
518400
524880
540000
546750
559872
562500
576000
583200
590490
600000
607500
622080
625000
629856
640000
648000
656100
675000
691200
699840
703125
720000
729000
746496
750000
759375
777600
781250
787320
800000
810000
820125
839808
843750
864000
874800
900000
911250
933120
937500
944784
960000
972000
984150
1000000
1012500
1036800
1049760
1080000
1093500
1119744
1125000
1152000
1166400
1171875
1180980
1200000
1215000
1244160
1250000
1259712
1265625
1296000
1312200
1350000
1366875
1399680
1406250
1440000
1458000
1476225
1500000
1518750
1555200
1562500
1574640
1600000
1620000
1640250
1679616
1687500
1728000
1749600
1800000
1822500
1866240
1875000
1889568
1920000
1944000
1953125
1968300
2000000
2025000
2073600
2099520
2109375
2160000
2187000
2239488
2250000
2278125
2332800
2343750
2361960
2400000
2430000
2460375
2500000
2519424
2531250
2592000
2624400
2700000
2733750
2799360
2812500
2880000
2916000
2952450
3000000
3037500
3110400
3125000
3149280
3200000
3240000
3280500
3359232
3375000
3456000
3499200
3515625
3600000
3645000
3732480
3750000
3779136
3796875
3888000
3906250
3936600
4000000
4050000
4100625
4199040
4218750
4320000
4374000
4500000
4556250
4665600
4687500
4723920
4800000
4860000
4920750
5000000
5038848
5062500
5184000
5248800
5400000
5467500
5598720
5625000
5760000
5832000
5859375
5904900
6000000
6075000
6220800
6250000
6298560
6328125
6480000
6561000
6718464
6750000
6834375
6998400
7031250
7200000
7290000
7381125
7500000
7558272
7593750
7776000
7812500
7873200
8000000
8100000
8201250
8398080
8437500
8640000
8748000
9000000
9112500
9331200
9375000
9447840
9600000
9720000
9765625
9841500
10000000
10077696
10125000
10368000
10497600
10546875
10800000
10935000
11197440
11250000
11390625
11664000
11718750
11809800
12000000
12150000
12301875
12500000
12597120
12656250
12960000
13122000
13500000
13668750
13996800
14062500
14400000
14580000
14762250
15000000
15116544
15187500
15552000
15625000
15746400
16000000
16200000
16402500
16796160
16875000
17280000
17496000
17578125
18000000
18225000
18662400
18750000
18895680
18984375
19440000
19531250
19683000
20000000
20155392
20250000
20503125
20995200
21093750
21600000
21870000
22500000
22781250
23328000
23437500
23619600
24000000
24300000
24603750
25000000
25194240
25312500
25920000
26244000
27000000
27337500
27993600
28125000
28800000
29160000
29296875
29524500
30000000
30233088
30375000
31104000
31250000
31492800
31640625
32400000
32805000
33592320
33750000
34171875
34992000
35156250
36000000
36450000
36905625
37500000
37791360
37968750
38880000
39062500
39366000
40000000
40500000
41006250
41990400
42187500
43200000
43740000
45000000
45562500
46656000
46875000
47239200
48000000
48600000
49207500
50000000
50388480
50625000
51840000
52488000
52734375
54000000
54675000
55987200
56250000
56953125
58320000
58593750
59049000
60000000
60466176
60750000
61509375
62500000
62985600
63281250
64800000
65610000
67500000
68343750
69984000
70312500
72000000
72900000
73811250
75000000
75582720
75937500
77760000
78125000
78732000
80000000
81000000
82012500
83980800
84375000
86400000
87480000
87890625
90000000
91125000
93312000
93750000
94478400
94921875
97200000
98415000
100000000
100776960
101250000
102515625
104976000
105468750
108000000
109350000
112500000
113906250
116640000
117187500
118098000
120000000
121500000
123018750
125000000
125971200
126562500
129600000
131220000
135000000
136687500
139968000
140625000
144000000
145800000
147622500
150000000
151165440
151875000
155520000
156250000
157464000
158203125
162000000
164025000
167961600
168750000
170859375
174960000
175781250
180000000
182250000
184528125
187500000
188956800
189843750
194400000
196830000
200000000
202500000
205031250
209952000
210937500
216000000
218700000
225000000
227812500
233280000
234375000
236196000
240000000
243000000
246037500
250000000
251942400
253125000
259200000
262440000
263671875
270000000
273375000
279936000
281250000
284765625
291600000
295245000
300000000
302330880
303750000
307546875
312500000
314928000
316406250
324000000
328050000
337500000
341718750
349920000
351562500
360000000
364500000
369056250
375000000
377913600
379687500
388800000
393660000
400000000
405000000
410062500
419904000
421875000
432000000
437400000
450000000
455625000
466560000
468750000
472392000
474609375
486000000
492075000
500000000
503884800
506250000
512578125
524880000
527343750
540000000
546750000
562500000
569531250
583200000
590490000
600000000
607500000
615093750
625000000
629856000
632812500
648000000
656100000
675000000
683437500
699840000
703125000
720000000
729000000
738112500
750000000
755827200
759375000
777600000
787320000
791015625
810000000
820125000
839808000
843750000
854296875
874800000
900000000
911250000
922640625
937500000
944784000
949218750
972000000
984150000
1000000000
1012500000
1025156250
1049760000
1054687500
1080000000
1093500000
1125000000
1139062500
1166400000
1180980000
1200000000
1215000000
1230187500
1250000000
1259712000
1265625000
1296000000
1312200000
1350000000
1366875000
1399680000
1406250000
1423828125
1458000000
1476225000
1500000000
1511654400
1518750000
1537734375
1574640000
1582031250
1620000000
1640250000
1687500000
1708593750
1749600000
1800000000
1822500000
1845281250
1875000000
1889568000
1898437500
1944000000
1968300000
2000000000
2025000000
2050312500
2099520000
2109375000
2160000000
2187000000
2250000000
2278125000
2332800000
2361960000
2373046875
2430000000
2460375000
2500000000
2519424000
2531250000
2562890625
2624400000
2700000000
2733750000
2812500000
2847656250
2916000000
2952450000
3000000000
3037500000
3075468750
3149280000
3164062500
3240000000
3280500000
3375000000
3417187500
3499200000
3600000000
3645000000
3690562500
3750000000
3779136000
3796875000
3888000000
3936600000
4050000000
4100625000
4199040000
4218750000
4271484375
4374000000
4500000000
4556250000
4613203125
4723920000
4746093750
4860000000
4920750000
5000000000
5062500000
5125781250
5248800000
5400000000
5467500000
5625000000
5695312500
5832000000
5904900000
6000000000
6075000000
6150937500
6298560000
6328125000
6480000000
6561000000
6750000000
6834375000
6998400000
7119140625
7290000000
7381125000
7500000000
7558272000
7593750000
7688671875
7873200000
8100000000
8201250000
8437500000
8542968750
8748000000
9000000000
9112500000
9226406250
9447840000
9492187500
9720000000
9841500000
10000000000
10125000000
10251562500
10497600000
10800000000
10935000000
11250000000
11390625000
11664000000
11809800000
12150000000
12301875000
12597120000
12656250000
12814453125
13122000000
13500000000
13668750000
14238281250
14580000000
14762250000
15000000000
15187500000
15377343750
15746400000
16200000000
16402500000
16875000000
17085937500
17496000000
18000000000
18225000000
18452812500
18895680000
18984375000
19440000000
19683000000
20250000000
20503125000
20995200000
21357421875
21870000000
22500000000
22781250000
23066015625
23619600000
24300000000
24603750000
25312500000
25628906250
26244000000
27000000000
27337500000
28476562500
29160000000
29524500000
30000000000
30375000000
30754687500
31492800000
32400000000
32805000000
33750000000
34171875000
34992000000
36450000000
36905625000
37791360000
37968750000
38443359375
39366000000
40500000000
41006250000
42714843750
43740000000
45000000000
45562500000
46132031250
47239200000
48600000000
49207500000
50625000000
51257812500
52488000000
54000000000
54675000000
56953125000
58320000000
59049000000
60750000000
61509375000
62985600000
64072265625
65610000000
67500000000
68343750000
72900000000
73811250000
75937500000
76886718750
78732000000
81000000000
82012500000
85429687500
87480000000
90000000000
91125000000
92264062500
94478400000
97200000000
98415000000
101250000000
102515625000
104976000000
109350000000
113906250000
115330078125
118098000000
121500000000
123018750000
128144531250
131220000000
135000000000
136687500000
145800000000
147622500000
151875000000
153773437500
157464000000
162000000000
164025000000
170859375000
174960000000
182250000000
184528125000
188956800000
192216796875
196830000000
202500000000
205031250000
218700000000
227812500000
230660156250
236196000000
243000000000
246037500000
256289062500
262440000000
270000000000
273375000000
291600000000
295245000000
303750000000
307546875000
314928000000
328050000000
341718750000
364500000000
369056250000
384433593750
393660000000
405000000000
410062500000
437400000000
455625000000
461320312500
472392000000
486000000000
492075000000
512578125000
524880000000
546750000000
576650390625
590490000000
607500000000
615093750000
656100000000
683437500000
729000000000
738112500000
768867187500
787320000000
810000000000
820125000000
874800000000
911250000000
922640625000
944784000000
984150000000
1025156250000
1093500000000
1153300781250
1180980000000
1215000000000
1230187500000
1312200000000
1366875000000
1458000000000
1476225000000
1537734375000
1574640000000
1640250000000
1822500000000
1845281250000
1968300000000
2050312500000
2187000000000
2306601562500
2361960000000
2430000000000
2460375000000
2624400000000
2733750000000
2952450000000
3075468750000
3280500000000
3645000000000
3690562500000
3936600000000
4100625000000
4374000000000
4613203125000
4723920000000
4920750000000
5467500000000
5904900000000
6150937500000
6561000000000
7290000000000
7381125000000
7873200000000
8201250000000
9226406250000
9841500000000
10935000000000
11809800000000
12301875000000
13122000000000
14762250000000
16402500000000
18452812500000
19683000000000
21870000000000
23619600000000
24603750000000
29524500000000
32805000000000
36905625000000
39366000000000
49207500000000
59049000000000
65610000000000
73811250000000
98415000000000
118098000000000
147622500000000
196830000000000
295245000000000
590490000000000
